4311
10507
9398
3384
3682
3691
2022
7412
3916
3920
8482
135228
5818
5819
25945
1438
3815
3977
3459
3683
3684
3687
7132
3554
7850
3560
3563
3566
3568
3575
290
3572
1439
3561
8842
2322
4486
3604
929
5156
5159
7056
2152
1636
1003
4162
682
5795
6504
977
959
5817
101
6868
102
683
3804
3811
57292
3806
3809
3821
11126
3820
6404
9332
8763
214
4921
6614
2214
2215
8778
3897
140885
10326
55423
3689
4064
3577
2833
643
930
1233
1236
910
911
912
914
931
4345
10544
7010
5169
4481
4065
4360
27074
1380
3597
3598
23765
8809
933
3643
3480
3482
2678
10666
4241
4063
2208
5621
10154
4059
5243
51744
2028
3559
1803
8792
23495
608
939
151888
80380
29126
23308
80381
5133
940
9902
7096
7097
7098
7099
54106
3688
11251
3953
483
943
9936
8829
3903
83416
5175
30817
5738
93185
684
64866
57823
2212
50848
58494
999
1000
4072
946
27036
945
2260
2263
2261
2264
259197
182
947
2064
8322
1378
948
951
952
953
915
917
920
958
3674
2814
960
5788
4179
961
962
3672
3673
3675
3676
3678
3655
921
3385
3685
963
3383
1604
4684
965
966
923
3690
6402
6403
967
2209
634
1088
4680
968
969
924
970
7037
971
4907
972
973
974
941
3732
9308
8832
353514
11024
10859
942
5329
2204
7070
4035
23446
355
10225
976
6520
3587
3588
2675
8876
3507
3848
249
250
2023
5551
7416
43
1012
2191
8692
10232
4978
266727
65078
50863
22854
64399
5878
50487
79465
2262
826
126014
1942
85450
79147
79659
590
5553
402665
131873
375790
3911
813
10491
9353
11098
1356
3240
718
3827
7040
3500
3501
1277
1281
350
2335
197
3263
7448
338
7450
347
710
2821
5270
1634
3912
1278
3075
1113
1191
3915
1291
1292
1293
87
10437
3486
725
1289
633
3908
3371
284217
50509
5444
811
4015
2896
2200
2201
7474
686
4885
4060
5549
4239
3913
83729
4904
3339
3959
4240
6482
6484
11167
22915
8076
3914
3918
22795
4052
284
3910
3909
64175
25903
79887
387263
25890
27293
7837
4745
83872
5274
1303
10512
84034
81029
25878
56944
23324
9388
11117
7093
7018
9518
722
4322
12
3698
7373
1462
7035
627
10371
136227
10404
5055
7980
167681
3671
9244
2147
7148
79875
4054
4982
1294
9068
4917
8804
11247
79174
7092
7076
1290
84171
51129
6586
5176
169611
26585
5360
10631
151887
2162
5265
720
4969
54507
54829
256076
3503
1301
84572
54749
2244
5328
1280
23452
2243
27122
8532
259
79794
9267
1041
63827
5004
2199
165
2
57530
170689
7481
53342
90693
4057
5327
2153
114898
2202
7424
649
3190
10439
29952
1509
4363
64921
9990
6548
56996
6513
6533
28231
9962
28232
375611
3177
2030
81539
9497
6563
55002
84888
56889
338440
476
478
196527
23545
27334
2863
9294
23266
154
152
6915
5724
2149
4886
185
4923
1269
5732
10203
57720
57211
286530
166647
25963
116535
84910
9002
6608
84658
10316
64123
58986
1952
9620
1951
10800
9289
8611
3738
25800
23516
5032
57181
1536
150696
94015
80727
2562
2899
2824
26504
26505
131566
23240
23768
8455
5793
3455
2044
4919
8577
5027
80213
83941
253012
10384
10752
5420
27253
23654
4685
771
26025
8828
3321
4038
1362
23114
8633
10675
27076
9019
8875
80739
1956
3949
3106
3105
3105
3122
3118
3117
3123
3123
3119
3106
3107
3123
3105
3115
4914
481
3105
4233
4070
392617
3105
3105
3107
5792
3105
3133
3123
3126
1368
482
7299
2348
4881
3105
1800
3454
7306
3693
5786
3105
3106
3694
3113
3123
2041
2065
5167
5787
5803
4359
3696
1271
92
5797
1969
2042
2048
3105
3105
3105
3106
3106
3106
3106
3106
3106
3106
3106
3106
3107
3107
3134
3105
558
3106
6259
2817
7048
1889
333
55558
1945
1948
8516
781
2050
2047
4238
1004
1013
2674
408050
1525
8506
3125
1947
4920
90
7301
334
3105
1272
1015
10461
5754
5802
8751
4045
6786
7162
3679
3680
659
1605
1829
2615
2195
10457
5796
1949
4915
4277
4276
3123
3127
400451
201633
54549
286204
114794
341640
374383
343413
353091
124842
133418
1464
51374
9466
64420
284415
221476
26470
79633
90249
169714
11120
221935
284021
347902
161198
80144
120425
139065
219699
57502
54621
57863
22871
53834
64881
284996
92737
199731
57722
131578
949
94025
23385
6653
4897
4756
0
3123
126259
114836
91179
54991
55243
8642
79368
89790
137868
115352
57537
89858
65217
4585
6272
54587
83700
83483
23705
54910
28513
56255
58191
64218
80975
84189
79827
84168
64115
5101
64109
54510
91584
3556
10509
57451
57715
23166
23601
9254
23769
53616
5067
51430
56241
4012
5361
29992
22801
5365
11148
374462
5098
8995
9635
27180
23129
56099
27020
6091
1008
22875
10149
8477
3106
4254
3106
8140
1903
4882
3106
131450
3123
80328
7087
160364
3107
3105
221061
6578
186
79583
5789
9993
50937
57633
28962
56142
8613
8754
8434
9865
120114
11149
5362
1002
126364
2043
26020
8641
56101
56104
26032
80024
8038
2049
7368
1954
54756
345757
56937
4758
8728
51232
56097
56107
3357
57192
6443
6444
8764
5097
23065
221091
29121
1006
134
266977
1240
4853
57829
196740
8808
221981
56139
113235
8698
8515
3120
3695
4036
375033
257194
50512
3714
2239
114815
284069
150
57007
187
221395
79689
286133
53353
353189
41
1824
57685
57526
79867
55540
10351
90952
7433
2213
8718
51092
222962
56670
54805
5364
5099
10205
27242
2123
1946
4973
3077
57463
84866
84631
94030
10268
25921
85413
1241
2324
24145
10791
29967
4851
91749
6546
1136
222223
10505
4916
3140
54742
9052
57121
29933
10219
53838
26047
93
53637
100132417
8910
6327
1638
22925
57622
1909
57555
1007
9848
25960
6330
7075
2321
4055
9180
10723
7253
51393
2894
2217
7049
10501
2555
5979
9708
1901
9037
285761
93035
374
3106
25849
1001
4883
1009
5733
4041
147495
26509
1435
10178
253559
84636
84918
79770
768211
2891
6339
3352
55819
10347
5739
11245
22865
7201
9069
56138
9780
4864
9900
56928
79651
3547
6185
54732
4074
537
54972
114990
112770
54495
55901
6400
51014
11342
53
821
6745
6746
2589
10960
10875
26002
222068
23225
2734
51604
81562
2135
57493
6490
6184
54600
412
252995
9445
754
10548
375056
416
220296
57125
81533
252839
6517
23621
51172
203859
5768
56926
23312
93380
8639
283464
9976
2687
2686
55830
11153
5445
4820
2679
9394
5352
2629
4043
5351
23213
30001
4242
11041
8703
26035
10382
203068
5216
7385
4082
60
7277
1213
170384
64167
57552
9653
11227
7903
51290
51752
10383
84617
5743
9334
54480
55959
4884
11282
145173
56605
337876
56548
51280
50515
285203
9917
5986
10613
8985
64409
256435
2218
4166
10198
4125
28577
0
0
4353
5660
7057
5476
5033
5589
7184
2799
1066
5479
7058
3988
6782
1774
1075
4669
427
5954
143888
23127
79709
196463
60681
57333
5641
54504
51449
10525
51661
81
4000
0
2597
6181
3326
7431
3329
3312
2547
5315
6165
10971
1936
6133
4627
6122
7417
6144
3418
7167
6228
6161
1915
6143
6428
6141
5094
10609
58472
6158
6168
6210
3192
55761
2999
5725
8288
871
56829
3493
2720
7059
27163
51148
64374
64222
11224
16
1200
51108
140465
1515
80267
8974
11328
3074
11331
5538
23275
1514
2990
4668
1513
285362
55033
728695
27348
2588
55757
6157
8833
3073
89797
388698
8540
2717
411
6633
164022
26156
8407
10131
5036
9374
10528
9988
26330
1991
54039
200558
3320
284391
546
56001
10575
11215
100132257
6139
22913
25819
57448
85004
55239
5142
54585
64743
840
23215
57117
29925
23731
19
6541
6526
121260
85455
10257
10057
112
109
115
10560
8501
6518
6535
6536
4891
6558
5727
6565
57210
29015
114134
55117
57468
51151
11254
6573
55362
145389
153129
92255
120103
57153
65010
6509
6510
1836
6507
219623
358
64116
23306
23555
7106
7105
10099
27075
7103
2012
23507
340348
56262
84230
2014
374395
56650
161291
23505
55248
57670
55754
55069
57613
28755
28639
0
4050
254827
23231
26011
57462
113201
51267
122618
83986
83468
57136
54664
54928
51348
55714
23670
954
6768
10008
6584
9725
57583
29953
1209
254887
59285
7317
6583
6302
286148
6523
140707
54868
51360
1181
56606
6326
63027
645369
114795
5355
5025
20
57156
204962
81619
51266
1244
388512
89822
9813
6538
9772
8612
81035
3757
0
84197
90139
6530
79905
81037
399474
63895
199675
10712
10100
2013
5023
7225
113
6542
79932
148808
6332
151742
80008
57498
10867
6263
7179
3294
6522
151556
3703
201595
285195
29954
91289
138050
10585
57515
55788
535
253782
2677
81544
79065
6856
26580
57142
79158
950
51435
23646
27333
2137
9554
1621
2316
4122
4249
4124
121457
57326
53947
55501
10678
10402
1185
91304
29956
79071
54872
57089
9469
124583
1388
23556
80055
22937
5311
1497
94005
10908
84679
10103
3290
444
256471
10090
3708
23461
79022
1201
146664
79956
8869
63917
3710
163590
6785
51062
51296
2548
56886
221496
9562
6609
415
1203
25777
26092
30
23353
